000168
000143
000254
000171
bad-4-14-015
bad-4-18-017
000359
000270
000001
000335
000195
000219
000198
bad-4-14-022
000117
000165
bad-4-18-015
000213
000269
000314
000229
000038
bad-4-14-020
000139
000061
bad-4-14-001
000016
000191
000251
good-4-18-002
000080
000365
000098
good-4-18-016
000287
000289
bad-4-14-002
000012
good-4-18-019
bad-4-14-005
bad-4-18-022
000388
000107
bad-4-18-007
000331
good-4-18-003
000225
000027
000394
000235
000345
000182
000256
000192
000386
000339
000236
000308
000037
good-4-18-025
000372
000056
000315
000138
000021
000253
000245
000322
000211
000233
bad-4-18-023
000384
000223
000290
good-4-18-021
000391
000341
000167
000047
000146
bad-4-18-019
000003
000206
000293
000148
000383
000018
000025
000288
000217
000381
000249
bad-4-14-019
000340
000311
000163
000266
000108
bad-4-18-009
000274
000132
000116
000110
000275
000172
bad-4-18-025
000177
000327
000294
000264
000051
000123
good-4-14-016
bad-4-18-027
good-4-14-019
000174
000261
000267
000278
000082
000333
good-4-14-009
000106
000009
bad-4-14-012
000158
000397
good-4-14-024
000353
000252
000364
good-4-14-025
000367
bad-4-14-026
bad-4-18-006
good-4-18-012
good-4-14-022
good-4-18-006
000360
bad-4-14-011
000243
000276
000326
bad-4-18-001
000231
000228
good-4-14-001
000111
000005
000096
000179
bad-4-14-025
000071
bad-4-14-028
000230
000000
000371
good-4-18-017
000180
000094
000226
000013
000090
000312
000155
000100
000010
000303
000222
000040
000063
000186
000144
000076
000344
000064
000387
000039
000271
000334
000091
000307
000285
bad-4-18-012
bad-4-14-004
000068
000118
bad-4-18-028
000242
000378
000268
000072
000377
000115
000255
000324
000105
good-4-18-024
000166
000151
bad-4-18-011
000306
000104
000129
good-4-14-017
000248
000042
good-4-18-010
000053
000380
000239
bad-4-14-029
bad-4-18-013
000002
000055
good-4-14-002
good-4-18-014
000015
good-4-18-023
000103
000088
000259
000124
000389
000024
000355
000113
000363
000382
good-4-14-023
000097
000119
000369
000246
000114
bad-4-14-017
000077
000238
000083
000048
000362
000277
000020
000258
000099
000370
000137
000221
000031
000190
000126
000281
000218
000184
bad-4-18-018
000393
000316
000292
000085
000220
000214
good-4-18-009
good-4-14-000
000320
000157
000263
good-4-18-000
good-4-14-018
bad-4-18-005
000376
bad-4-14-009
000265
000336
000196
000154
000022
000079
good-4-18-004
000337
good-4-14-013
good-4-14-004
000379
000142
000368
bad-4-14-008
bad-4-18-020
000169
000044
000032
000298
000295
000205
000202
000046
000351
good-4-14-011
000181
bad-4-18-010
000049
000067
bad-4-18-029
000374
000357
000272
000014
000130
000209
bad-4-18-008
good-4-18-015
000193
000304
000149
000131
good-4-14-015
000135
bad-4-18-014
000007
000052
good-4-14-005
bad-4-14-003
000330
000086
000328
000396
000057
good-4-14-008
good-4-18-011
